0.815550 0.000000 0.100000
1.191394 0.000000 0.100000
1.607597 0.000000 0.100000
2.007101 0.000000 0.100000
2.389324 0.000000 0.100000
2.813869 0.000000 0.100000
3.200000 0.000000 0.100000
0.223788 0.370708 0.100000
0.641701 0.357977 0.100000
0.984503 0.336866 0.100000
1.383740 0.339148 0.100000
1.792851 0.347594 0.100000
2.205202 0.348171 0.100000
2.607205 0.345005 0.100000
2.977815 0.347829 0.100000
0.000000 0.700541 0.100000
0.381952 0.690078 0.100000
0.816064 0.708208 0.100000
1.197621 0.692388 0.100000
1.615824 0.697100 0.100000
2.017158 0.687983 0.100000
2.380155 0.693755 0.100000
2.829237 0.695068 0.100000
3.200000 0.689449 0.100000
0.195918 1.038065 0.100000
0.589952 1.044610 0.100000
1.015934 1.044616 0.100000
1.403030 1.038291 0.100000
1.798075 1.044075 0.100000
2.195853 1.037482 0.100000
2.610071 1.034161 0.100000
2.979441 1.041702 0.100000
0.000000 1.385280 0.100000
0.402318 1.389101 0.100000
0.804044 1.374325 0.100000
1.197686 1.389703 0.100000
1.599910 1.392795 0.100000
2.004451 1.383279 0.100000
2.389245 1.387366 0.100000
2.815472 1.386956 0.100000
3.200000 1.380522 0.100000
0.216995 1.729675 0.100000
0.591722 1.740522 0.100000
0.997657 1.735334 0.100000
1.400993 1.732537 0.100000
1.801691 1.730989 0.100000
2.208464 1.736933 0.100000
2.605604 1.728825 0.100000
2.989788 1.732781 0.100000
0.000000 2.078359 0.100000
0.388663 2.078989 0.100000
0.824793 2.079997 0.100000
1.186634 2.074907 0.100000
1.602815 2.083357 0.100000
2.010920 2.076034 0.100000
2.373979 2.078845 0.100000
2.822392 2.083877 0.100000
3.200000 2.077062 0.100000
0.232863 2.420774 0.100000
0.574937 2.431358 0.100000
0.996637 2.419290 0.100000
1.425542 2.426878 0.100000
1.769611 2.425289 0.100000
2.220041 2.425423 0.100000
2.616788 2.425633 0.100000
2.967356 2.424793 0.100000
0.000000 2.771281 0.100000
0.396456 2.771281 0.100000
0.815505 2.771281 0.100000
1.187551 2.771281 0.100000
1.603958 2.771281 0.100000
2.010469 2.771281 0.100000
2.377598 2.771281 0.100000
2.817812 2.771281 0.100000
3.200000 2.771281 0.100000
0.815550 0.000000 0.100000
0.815550 5.542563 0.100000
5.584450 0.000000 0.100000
5.584450 5.542563 0.100000
1.191394 0.000000 0.100000
1.191394 5.542563 0.100000
5.208606 0.000000 0.100000
5.208606 5.542563 0.100000
1.607597 0.000000 0.100000
1.607597 5.542563 0.100000
4.792403 0.000000 0.100000
4.792403 5.542563 0.100000
2.007101 0.000000 0.100000
2.007101 5.542563 0.100000
4.392899 0.000000 0.100000
4.392899 5.542563 0.100000
2.389324 0.000000 0.100000
2.389324 5.542563 0.100000
4.010676 0.000000 0.100000
4.010676 5.542563 0.100000
2.813869 0.000000 0.100000
2.813869 5.542563 0.100000
3.586131 0.000000 0.100000
3.586131 5.542563 0.100000
3.200000 0.000000 0.100000
3.200000 5.542563 0.100000
3.200000 0.000000 0.100000
3.200000 5.542563 0.100000
0.223788 0.370708 0.100000
0.223788 5.171854 0.100000
6.176212 0.370708 0.100000
6.176212 5.171854 0.100000
0.641701 0.357977 0.100000
0.641701 5.184585 0.100000
5.758299 0.357977 0.100000
5.758299 5.184585 0.100000
0.984503 0.336866 0.100000
0.984503 5.205697 0.100000
5.415497 0.336866 0.100000
5.415497 5.205697 0.100000
1.383740 0.339148 0.100000
1.383740 5.203414 0.100000
5.016260 0.339148 0.100000
5.016260 5.203414 0.100000
1.792851 0.347594 0.100000
1.792851 5.194968 0.100000
4.607149 0.347594 0.100000
4.607149 5.194968 0.100000
2.205202 0.348171 0.100000
2.205202 5.194391 0.100000
4.194798 0.348171 0.100000
4.194798 5.194391 0.100000
2.607205 0.345005 0.100000
2.607205 5.197558 0.100000
3.792795 0.345005 0.100000
3.792795 5.197558 0.100000
2.977815 0.347829 0.100000
2.977815 5.194733 0.100000
3.422185 0.347829 0.100000
3.422185 5.194733 0.100000
0.000000 0.700541 0.100000
0.000000 4.842021 0.100000
6.400000 0.700541 0.100000
6.400000 4.842021 0.100000
0.381952 0.690078 0.100000
0.381952 4.852485 0.100000
6.018048 0.690078 0.100000
6.018048 4.852485 0.100000
0.816064 0.708208 0.100000
0.816064 4.834354 0.100000
5.583936 0.708208 0.100000
5.583936 4.834354 0.100000
1.197621 0.692388 0.100000
1.197621 4.850175 0.100000
5.202379 0.692388 0.100000
5.202379 4.850175 0.100000
1.615824 0.697100 0.100000
1.615824 4.845463 0.100000
4.784176 0.697100 0.100000
4.784176 4.845463 0.100000
2.017158 0.687983 0.100000
2.017158 4.854580 0.100000
4.382842 0.687983 0.100000
4.382842 4.854580 0.100000
2.380155 0.693755 0.100000
2.380155 4.848808 0.100000
4.019845 0.693755 0.100000
4.019845 4.848808 0.100000
2.829237 0.695068 0.100000
2.829237 4.847495 0.100000
3.570763 0.695068 0.100000
3.570763 4.847495 0.100000
3.200000 0.689449 0.100000
3.200000 4.853114 0.100000
3.200000 0.689449 0.100000
3.200000 4.853114 0.100000
0.195918 1.038065 0.100000
0.195918 4.504497 0.100000
6.204082 1.038065 0.100000
6.204082 4.504497 0.100000
0.589952 1.044610 0.100000
0.589952 4.497952 0.100000
5.810048 1.044610 0.100000
5.810048 4.497952 0.100000
1.015934 1.044616 0.100000
1.015934 4.497946 0.100000
5.384066 1.044616 0.100000
5.384066 4.497946 0.100000
1.403030 1.038291 0.100000
1.403030 4.504272 0.100000
4.996970 1.038291 0.100000
4.996970 4.504272 0.100000
1.798075 1.044075 0.100000
1.798075 4.498488 0.100000
4.601925 1.044075 0.100000
4.601925 4.498488 0.100000
2.195853 1.037482 0.100000
2.195853 4.505081 0.100000
4.204147 1.037482 0.100000
4.204147 4.505081 0.100000
2.610071 1.034161 0.100000
2.610071 4.508402 0.100000
3.789929 1.034161 0.100000
3.789929 4.508402 0.100000
2.979441 1.041702 0.100000
2.979441 4.500860 0.100000
3.420559 1.041702 0.100000
3.420559 4.500860 0.100000
0.000000 1.385280 0.100000
0.000000 4.157283 0.100000
6.400000 1.385280 0.100000
6.400000 4.157283 0.100000
0.402318 1.389101 0.100000
0.402318 4.153462 0.100000
5.997682 1.389101 0.100000
5.997682 4.153462 0.100000
0.804044 1.374325 0.100000
0.804044 4.168238 0.100000
5.595956 1.374325 0.100000
5.595956 4.168238 0.100000
1.197686 1.389703 0.100000
1.197686 4.152860 0.100000
5.202314 1.389703 0.100000
5.202314 4.152860 0.100000
1.599910 1.392795 0.100000
1.599910 4.149768 0.100000
4.800090 1.392795 0.100000
4.800090 4.149768 0.100000
2.004451 1.383279 0.100000
2.004451 4.159283 0.100000
4.395549 1.383279 0.100000
4.395549 4.159283 0.100000
2.389245 1.387366 0.100000
2.389245 4.155196 0.100000
4.010755 1.387366 0.100000
4.010755 4.155196 0.100000
2.815472 1.386956 0.100000
2.815472 4.155606 0.100000
3.584528 1.386956 0.100000
3.584528 4.155606 0.100000
3.200000 1.380522 0.100000
3.200000 4.162041 0.100000
3.200000 1.380522 0.100000
3.200000 4.162041 0.100000
0.216995 1.729675 0.100000
0.216995 3.812887 0.100000
6.183005 1.729675 0.100000
6.183005 3.812887 0.100000
0.591722 1.740522 0.100000
0.591722 3.802041 0.100000
5.808278 1.740522 0.100000
5.808278 3.802041 0.100000
0.997657 1.735334 0.100000
0.997657 3.807229 0.100000
5.402343 1.735334 0.100000
5.402343 3.807229 0.100000
1.400993 1.732537 0.100000
1.400993 3.810026 0.100000
4.999007 1.732537 0.100000
4.999007 3.810026 0.100000
1.801691 1.730989 0.100000
1.801691 3.811573 0.100000
4.598309 1.730989 0.100000
4.598309 3.811573 0.100000
2.208464 1.736933 0.100000
2.208464 3.805629 0.100000
4.191536 1.736933 0.100000
4.191536 3.805629 0.100000
2.605604 1.728825 0.100000
2.605604 3.813738 0.100000
3.794396 1.728825 0.100000
3.794396 3.813738 0.100000
2.989788 1.732781 0.100000
2.989788 3.809781 0.100000
3.410212 1.732781 0.100000
3.410212 3.809781 0.100000
0.000000 2.078359 0.100000
0.000000 3.464204 0.100000
6.400000 2.078359 0.100000
6.400000 3.464204 0.100000
0.388663 2.078989 0.100000
0.388663 3.463574 0.100000
6.011337 2.078989 0.100000
6.011337 3.463574 0.100000
0.824793 2.079997 0.100000
0.824793 3.462565 0.100000
5.575207 2.079997 0.100000
5.575207 3.462565 0.100000
1.186634 2.074907 0.100000
1.186634 3.467656 0.100000
5.213366 2.074907 0.100000
5.213366 3.467656 0.100000
1.602815 2.083357 0.100000
1.602815 3.459206 0.100000
4.797185 2.083357 0.100000
4.797185 3.459206 0.100000
2.010920 2.076034 0.100000
2.010920 3.466529 0.100000
4.389080 2.076034 0.100000
4.389080 3.466529 0.100000
2.373979 2.078845 0.100000
2.373979 3.463718 0.100000
4.026021 2.078845 0.100000
4.026021 3.463718 0.100000
2.822392 2.083877 0.100000
2.822392 3.458686 0.100000
3.577608 2.083877 0.100000
3.577608 3.458686 0.100000
3.200000 2.077062 0.100000
3.200000 3.465501 0.100000
3.200000 2.077062 0.100000
3.200000 3.465501 0.100000
0.232863 2.420774 0.100000
0.232863 3.121788 0.100000
6.167137 2.420774 0.100000
6.167137 3.121788 0.100000
0.574937 2.431358 0.100000
0.574937 3.111205 0.100000
5.825063 2.431358 0.100000
5.825063 3.111205 0.100000
0.996637 2.419290 0.100000
0.996637 3.123272 0.100000
5.403363 2.419290 0.100000
5.403363 3.123272 0.100000
1.425542 2.426878 0.100000
1.425542 3.115685 0.100000
4.974458 2.426878 0.100000
4.974458 3.115685 0.100000
1.769611 2.425289 0.100000
1.769611 3.117273 0.100000
4.630389 2.425289 0.100000
4.630389 3.117273 0.100000
2.220041 2.425423 0.100000
2.220041 3.117140 0.100000
4.179959 2.425423 0.100000
4.179959 3.117140 0.100000
2.616788 2.425633 0.100000
2.616788 3.116930 0.100000
3.783212 2.425633 0.100000
3.783212 3.116930 0.100000
2.967356 2.424793 0.100000
2.967356 3.117770 0.100000
3.432644 2.424793 0.100000
3.432644 3.117770 0.100000
0.000000 2.771281 0.100000
0.000000 2.771281 0.100000
6.400000 2.771281 0.100000
6.400000 2.771281 0.100000
0.396456 2.771281 0.100000
0.396456 2.771281 0.100000
6.003544 2.771281 0.100000
6.003544 2.771281 0.100000
0.815505 2.771281 0.100000
0.815505 2.771281 0.100000
5.584495 2.771281 0.100000
5.584495 2.771281 0.100000
1.187551 2.771281 0.100000
1.187551 2.771281 0.100000
5.212449 2.771281 0.100000
5.212449 2.771281 0.100000
1.603958 2.771281 0.100000
1.603958 2.771281 0.100000
4.796042 2.771281 0.100000
4.796042 2.771281 0.100000
2.010469 2.771281 0.100000
2.010469 2.771281 0.100000
4.389531 2.771281 0.100000
4.389531 2.771281 0.100000
2.377598 2.771281 0.100000
2.377598 2.771281 0.100000
4.022402 2.771281 0.100000
4.022402 2.771281 0.100000
2.817812 2.771281 0.100000
2.817812 2.771281 0.100000
3.582188 2.771281 0.100000
3.582188 2.771281 0.100000
3.200000 2.771281 0.100000
3.200000 2.771281 0.100000
3.200000 2.771281 0.100000
3.200000 2.771281 0.100000
