freq(Hz)	6.00e+08	eps_r	4	mu_r	1	sigma	0.00e+00
theta(rad)	RCS(m^2)
0.000000000e+00	5.890243130e+01
1.050699884e-02	5.881742005e+01
2.101399768e-02	5.856298485e+01
3.152099652e-02	5.814091582e+01
4.202799537e-02	5.755417774e+01
5.253499421e-02	5.680688230e+01
6.304199305e-02	5.590424956e+01
7.354899189e-02	5.485255913e+01
8.405599073e-02	5.365909163e+01
9.456298957e-02	5.233206104e+01
1.050699884e-01	5.088053868e+01
1.155769873e-01	4.931436958e+01
1.260839861e-01	4.764408232e+01
1.365909849e-01	4.588079307e+01
1.470979838e-01	4.403610502e+01
1.576049826e-01	4.212200430e+01
1.681119815e-01	4.015075331e+01
1.786189803e-01	3.813478273e+01
1.891259791e-01	3.608658335e+01
1.996329780e-01	3.401859870e+01
2.101399768e-01	3.194311972e+01
2.206469757e-01	2.987218245e+01
2.311539745e-01	2.781746975e+01
2.416609734e-01	2.579021814e+01
2.521679722e-01	2.380113047e+01
2.626749710e-01	2.186029537e+01
2.731819699e-01	1.997711417e+01
2.836889687e-01	1.816023592e+01
2.941959676e-01	1.641750112e+01
3.047029664e-01	1.475589447e+01
3.152099652e-01	1.318150712e+01
3.257169641e-01	1.169950849e+01
3.362239629e-01	1.031412795e+01
3.467309618e-01	9.028646175e+00
3.572379606e-01	7.845396178e+00
3.677449595e-01	6.765773775e+00
3.782519583e-01	5.790257173e+00
3.887589571e-01	4.918435249e+00
3.992659560e-01	4.149044031e+00
4.097729548e-01	3.480010796e+00
4.202799537e-01	2.908505112e+00
4.307869525e-01	2.430996108e+00
4.412939513e-01	2.043315184e+00
4.518009502e-01	1.740723336e+00
4.623079490e-01	1.517982234e+00
4.728149479e-01	1.369428162e+00
4.833219467e-01	1.289047923e+00
4.938289455e-01	1.270555803e+00
5.043359444e-01	1.307470699e+00
5.148429432e-01	1.393192543e+00
5.253499421e-01	1.521077162e+00
5.358569409e-01	1.684508771e+00
5.463639398e-01	1.876969340e+00
5.568709386e-01	2.092104124e+00
5.673779374e-01	2.323782714e+00
5.778849363e-01	2.566155032e+00
5.883919351e-01	2.813701776e+00
5.988989340e-01	3.061278891e+00
6.094059328e-01	3.304155732e+00
6.199129316e-01	3.538046660e+00
6.304199305e-01	3.759135923e+00
6.409269293e-01	3.964095727e+00
6.514339282e-01	4.150097519e+00
6.619409270e-01	4.314816571e+00
6.724479259e-01	4.456430048e+00
6.829549247e-01	4.573608800e+00
6.934619235e-01	4.665503228e+00
7.039689224e-01	4.731723598e+00
7.144759212e-01	4.772315277e+00
7.249829201e-01	4.787729392e+00
7.354899189e-01	4.778789474e+00
7.459969177e-01	4.746654688e+00
7.565039166e-01	4.692780266e+00
7.670109154e-01	4.618875799e+00
7.775179143e-01	4.526862044e+00
7.880249131e-01	4.418826907e+00
7.985319119e-01	4.296981261e+00
8.090389108e-01	4.163615235e+00
8.195459096e-01	4.021055593e+00
8.300529085e-01	3.871624787e+00
8.405599073e-01	3.717602225e+00
8.510669062e-01	3.561188259e+00
8.615739050e-01	3.404471328e+00
8.720809038e-01	3.249398640e+00
8.825879027e-01	3.097750728e+00
8.930949015e-01	2.951120114e+00
9.036019004e-01	2.810894279e+00
9.141088992e-01	2.678243049e+00
9.246158980e-01	2.554110425e+00
9.351228969e-01	2.439210840e+00
9.456298957e-01	2.334029732e+00
9.561368946e-01	2.238828263e+00
9.666438934e-01	2.153651953e+00
9.771508923e-01	2.078342933e+00
9.876578911e-01	2.012555471e+00
9.981648899e-01	1.955774382e+00
1.008671889e+00	1.907335883e+00
1.019178888e+00	1.866450430e+00
1.029685886e+00	1.832227049e+00
1.040192885e+00	1.803698654e+00
1.050699884e+00	1.779847853e+00
1.061206883e+00	1.759632713e+00
1.071713882e+00	1.742012012e+00
1.082220881e+00	1.725969490e+00
1.092727880e+00	1.710536654e+00
1.103234878e+00	1.694813728e+00
1.113741877e+00	1.677988382e+00
1.124248876e+00	1.659351921e+00
1.134755875e+00	1.638312669e+00
1.145262874e+00	1.614406350e+00
1.155769873e+00	1.587303319e+00
1.166276871e+00	1.556812569e+00
1.176783870e+00	1.522882499e+00
1.187290869e+00	1.485598500e+00
1.197797868e+00	1.445177466e+00
1.208304867e+00	1.401959415e+00
1.218811866e+00	1.356396446e+00
1.229318864e+00	1.309039312e+00
1.239825863e+00	1.260521940e+00
1.250332862e+00	1.211544262e+00
1.260839861e+00	1.162853752e+00
1.271346860e+00	1.115226085e+00
1.281853859e+00	1.069445349e+00
1.292360857e+00	1.026284250e+00
1.302867856e+00	9.864847280e-01
1.313374855e+00	9.507394153e-01
1.323881854e+00	9.196743260e-01
1.334388853e+00	8.938331409e-01
1.344895852e+00	8.736634191e-01
1.355402851e+00	8.595050190e-01
1.365909849e+00	8.515809647e-01
1.376416848e+00	8.499909381e-01
1.386923847e+00	8.547075191e-01
1.397430846e+00	8.655752394e-01
1.407937845e+00	8.823124500e-01
1.418444844e+00	9.045159473e-01
1.428951842e+00	9.316682394e-01
1.439458841e+00	9.631472819e-01
1.449965840e+00	9.982384586e-01
1.460472839e+00	1.036148537e+00
1.470979838e+00	1.076021287e+00
1.481486837e+00	1.116954422e+00
1.491993835e+00	1.158017483e+00
1.502500834e+00	1.198270296e+00
1.513007833e+00	1.236781584e+00
1.523514832e+00	1.272647355e+00
1.534021831e+00	1.305008673e+00
1.544528830e+00	1.333068430e+00
1.555035829e+00	1.356106792e+00
1.565542827e+00	1.373494984e+00
1.576049826e+00	1.384707156e+00
1.586556825e+00	1.389330082e+00
1.597063824e+00	1.387070523e+00
1.607570823e+00	1.377760115e+00
1.618077822e+00	1.361357714e+00
1.628584820e+00	1.337949171e+00
1.639091819e+00	1.307744579e+00
1.649598818e+00	1.271073079e+00
1.660105817e+00	1.228375375e+00
1.670612816e+00	1.180194131e+00
1.681119815e+00	1.127162501e+00
1.691626813e+00	1.069991051e+00
1.702133812e+00	1.009453374e+00
1.712640811e+00	9.463707271e-01
1.723147810e+00	8.815960167e-01
1.733654809e+00	8.159974976e-01
1.744161808e+00	7.504425154e-01
1.754668807e+00	6.857816401e-01
1.765175805e+00	6.228335123e-01
1.775682804e+00	5.623707017e-01
1.786189803e+00	5.051068515e-01
1.796696802e+00	4.516853442e-01
1.807203801e+00	4.026696880e-01
1.817710800e+00	3.585357782e-01
1.828217798e+00	3.196661431e-01
1.838724797e+00	2.863462363e-01
1.849231796e+00	2.587627899e-01
1.859738795e+00	2.370041965e-01
1.870245794e+00	2.210628431e-01
1.880752793e+00	2.108392771e-01
1.891259791e+00	2.061480476e-01
1.901766790e+00	2.067250317e-01
1.912273789e+00	2.122360258e-01
1.922780788e+00	2.222863638e-01
1.933287787e+00	2.364313026e-01
1.943794786e+00	2.541869129e-01
1.954301785e+00	2.750412052e-01
1.964808783e+00	2.984652299e-01
1.975315782e+00	3.239238970e-01
1.985822781e+00	3.508862807e-01
1.996329780e+00	3.788351941e-01
2.006836779e+00	4.072758466e-01
2.017343778e+00	4.357434267e-01
2.027850776e+00	4.638094865e-01
2.038357775e+00	4.910870397e-01
2.048864774e+00	5.172343215e-01
2.059371773e+00	5.419571952e-01
2.069878772e+00	5.650102268e-01
2.080385771e+00	5.861964830e-01
2.090892769e+00	6.053661380e-01
2.101399768e+00	6.224140062e-01
2.111906767e+00	6.372761377e-01
2.122413766e+00	6.499256363e-01
2.132920765e+00	6.603678740e-01
2.143427764e+00	6.686352834e-01
2.153934762e+00	6.747819160e-01
2.164441761e+00	6.788779523e-01
2.174948760e+00	6.810043420e-01
2.185455759e+00	6.812477441e-01
2.195962758e+00	6.796959180e-01
2.206469757e+00	6.764337001e-01
2.216976756e+00	6.715396764e-01
2.227483754e+00	6.650836354e-01
2.237990753e+00	6.571248614e-01
2.248497752e+00	6.477112971e-01
2.259004751e+00	6.368795801e-01
2.269511750e+00	6.246559256e-01
2.280018749e+00	6.110578077e-01
2.290525747e+00	5.960963607e-01
2.301032746e+00	5.797794074e-01
2.311539745e+00	5.621149982e-01
2.322046744e+00	5.431153329e-01
2.332553743e+00	5.228009271e-01
2.343060742e+00	5.012048774e-01
2.353567740e+00	4.783770784e-01
2.364074739e+00	4.543882489e-01
2.374581738e+00	4.293336278e-01
2.385088737e+00	4.033362136e-01
2.395595736e+00	3.765494333e-01
2.406102735e+00	3.491591453e-01
2.416609734e+00	3.213848983e-01
2.427116732e+00	2.934803900e-01
2.437623731e+00	2.657330934e-01
2.448130730e+00	2.384630382e-01
2.458637729e+00	2.120207621e-01
2.469144728e+00	1.867844644e-01
2.479651727e+00	1.631564182e-01
2.490158725e+00	1.415587168e-01
2.500665724e+00	1.224284427e-01
2.511172723e+00	1.062123669e-01
2.521679722e+00	9.336129190e-02
2.532186721e+00	8.432416222e-02
2.542693720e+00	7.954206949e-02
2.553200718e+00	7.944227842e-02
2.563707717e+00	8.443239861e-02
2.574214716e+00	9.489481987e-02
2.584721715e+00	1.111815199e-01
2.595228714e+00	1.336093415e-01
2.605735713e+00	1.624558217e-01
2.616242712e+00	1.979556408e-01
2.626749710e+00	2.402977407e-01
2.637256709e+00	2.896231451e-01
2.647763708e+00	3.460234964e-01
2.658270707e+00	4.095403045e-01
2.668777706e+00	4.801648898e-01
2.679284705e+00	5.578389818e-01
2.689791703e+00	6.424559266e-01
2.700298702e+00	7.338624393e-01
2.710805701e+00	8.318608322e-01
2.721312700e+00	9.362116402e-01
2.731819699e+00	1.046636560e+00
2.742326698e+00	1.162821623e+00
2.752833696e+00	1.284420508e+00
2.763340695e+00	1.411057931e+00
2.773847694e+00	1.542333022e+00
2.784354693e+00	1.677822623e+00
2.794861692e+00	1.817084463e+00
2.805368691e+00	1.959660149e+00
2.815875690e+00	2.105077935e+00
2.826382688e+00	2.252855266e+00
2.836889687e+00	2.402501051e+00
2.847396686e+00	2.553517700e+00
2.857903685e+00	2.705402910e+00
2.868410684e+00	2.857651232e+00
2.878917683e+00	3.009755441e+00
2.889424681e+00	3.161207754e+00
2.899931680e+00	3.311500923e+00
2.910438679e+00	3.460129265e+00
2.920945678e+00	3.606589652e+00
2.931452677e+00	3.750382523e+00
2.941959676e+00	3.891012951e+00
2.952466674e+00	4.027991798e+00
2.962973673e+00	4.160837003e+00
2.973480672e+00	4.289075010e+00
2.983987671e+00	4.412242359e+00
2.994494670e+00	4.529887451e+00
3.005001669e+00	4.641572470e+00
3.015508667e+00	4.746875466e+00
3.026015666e+00	4.845392566e+00
3.036522665e+00	4.936740294e+00
3.047029664e+00	5.020557946e+00
3.057536663e+00	5.096510005e+00
3.068043662e+00	5.164288524e+00
3.078550661e+00	5.223615438e+00
3.089057659e+00	5.274244760e+00
3.099564658e+00	5.315964597e+00
3.110071657e+00	5.348598955e+00
3.120578656e+00	5.372009278e+00
3.131085655e+00	5.386095684e+00
3.141592654e+00	5.390797873e+00
