freq(Hz)	6.00e+08	eps_r	4	mu_r	1	sigma	0.00e+00
theta(rad)	RCS(m^2)
0.000000000e+00	5.890243130e+01
1.050699884e-02	5.879413491e+01
2.101399768e-02	5.847021040e+01
3.152099652e-02	5.793353973e+01
4.202799537e-02	5.718888598e+01
5.253499421e-02	5.624283379e+01
6.304199305e-02	5.510370745e+01
7.354899189e-02	5.378146775e+01
8.405599073e-02	5.228758951e+01
9.456298957e-02	5.063492162e+01
1.050699884e-01	4.883753191e+01
1.155769873e-01	4.691053921e+01
1.260839861e-01	4.486993532e+01
1.365909849e-01	4.273239945e+01
1.470979838e-01	4.051510815e+01
1.576049826e-01	3.823554319e+01
1.681119815e-01	3.591130047e+01
1.786189803e-01	3.355990228e+01
1.891259791e-01	3.119861564e+01
1.996329780e-01	2.884427888e+01
2.101399768e-01	2.651313867e+01
2.206469757e-01	2.422069918e+01
2.311539745e-01	2.198158515e+01
2.416609734e-01	1.980941997e+01
2.521679722e-01	1.771671989e+01
2.626749710e-01	1.571480495e+01
2.731819699e-01	1.381372717e+01
2.836889687e-01	1.202221593e+01
2.941959676e-01	1.034764063e+01
3.047029664e-01	8.795990022e+00
3.152099652e-01	7.371867779e+00
3.257169641e-01	6.078503400e+00
3.362239629e-01	4.917777548e+00
3.467309618e-01	3.890260712e+00
3.572379606e-01	2.995264012e+00
3.677449595e-01	2.230900890e+00
3.782519583e-01	1.594158383e+00
3.887589571e-01	1.080976674e+00
3.992659560e-01	6.863356038e-01
4.097729548e-01	4.043468765e-01
4.202799537e-01	2.283507123e-01
4.307869525e-01	1.510157832e-01
4.412939513e-01	1.644413116e-01
4.518009502e-01	2.602602963e-01
4.623079490e-01	4.297428979e-01
4.728149479e-01	6.638990899e-01
4.833219467e-01	9.535797521e-01
4.938289455e-01	1.289575444e+00
5.043359444e-01	1.662712160e+00
5.148429432e-01	2.063943409e+00
5.253499421e-01	2.484438021e+00
5.358569409e-01	2.915663103e+00
5.463639398e-01	3.349461602e+00
5.568709386e-01	3.778123990e+00
5.673779374e-01	4.194453546e+00
5.778849363e-01	4.591824820e+00
5.883919351e-01	4.964234809e+00
5.988989340e-01	5.306346475e+00
6.094059328e-01	5.613524223e+00
6.199129316e-01	5.881861024e+00
6.304199305e-01	6.108196938e+00
6.409269293e-01	6.290128813e+00
6.514339282e-01	6.426011070e+00
6.619409270e-01	6.514947519e+00
6.724479259e-01	6.556774287e+00
6.829549247e-01	6.552034036e+00
6.934619235e-01	6.501941747e+00
7.039689224e-01	6.408342505e+00
7.144759212e-01	6.273661806e+00
7.249829201e-01	6.100849059e+00
7.354899189e-01	5.893315058e+00
7.459969177e-01	5.654864335e+00
7.565039166e-01	5.389623374e+00
7.670109154e-01	5.101965796e+00
7.775179143e-01	4.796435663e+00
7.880249131e-01	4.477670120e+00
7.985319119e-01	4.150322618e+00
8.090389108e-01	3.818987962e+00
8.195459096e-01	3.488130407e+00
8.300529085e-01	3.162015991e+00
8.405599073e-01	2.844650198e+00
8.510669062e-01	2.539721967e+00
8.615739050e-01	2.250554919e+00
8.720809038e-01	1.980066561e+00
8.825879027e-01	1.730736026e+00
8.930949015e-01	1.504580776e+00
9.036019004e-01	1.303142472e+00
9.141088992e-01	1.127482056e+00
9.246158980e-01	9.781838745e-01
9.351228969e-01	8.553684979e-01
9.456298957e-01	7.587137229e-01
9.561368946e-01	6.874830543e-01
9.666438934e-01	6.405608416e-01
9.771508923e-01	6.164931064e-01
9.876578911e-01	6.135329999e-01
9.981648899e-01	6.296897590e-01
1.008671889e+00	6.627799791e-01
1.019178888e+00	7.104800123e-01
1.029685886e+00	7.703783094e-01
1.040192885e+00	8.400265707e-01
1.050699884e+00	9.169886400e-01
1.061206883e+00	9.988861699e-01
1.071713882e+00	1.083440207e+00
1.082220881e+00	1.168507975e+00
1.092727880e+00	1.252114294e+00
1.103234878e+00	1.332477217e+00
1.113741877e+00	1.408027645e+00
1.124248876e+00	1.477422829e+00
1.134755875e+00	1.539553851e+00
1.145262874e+00	1.593547295e+00
1.155769873e+00	1.638761491e+00
1.166276871e+00	1.674777800e+00
1.176783870e+00	1.701387561e+00
1.187290869e+00	1.718575332e+00
1.197797868e+00	1.726499196e+00
1.208304867e+00	1.725468865e+00
1.218811866e+00	1.715922370e+00
1.229318864e+00	1.698402087e+00
1.239825863e+00	1.673530845e+00
1.250332862e+00	1.641988748e+00
1.260839861e+00	1.604491345e+00
1.271346860e+00	1.561769633e+00
1.281853859e+00	1.514552308e+00
1.292360857e+00	1.463550579e+00
1.302867856e+00	1.409445726e+00
1.313374855e+00	1.352879508e+00
1.323881854e+00	1.294447389e+00
1.334388853e+00	1.234694480e+00
1.344895852e+00	1.174113989e+00
1.355402851e+00	1.113147911e+00
1.365909849e+00	1.052189612e+00
1.376416848e+00	9.915879370e-01
1.386923847e+00	9.316524416e-01
1.397430846e+00	8.726593110e-01
1.407937845e+00	8.148575784e-01
1.418444844e+00	7.584752432e-01
1.428951842e+00	7.037249430e-01
1.439458841e+00	6.508088746e-01
1.449965840e+00	5.999227194e-01
1.460472839e+00	5.512583934e-01
1.470979838e+00	5.050055103e-01
1.481486837e+00	4.613515176e-01
1.491993835e+00	4.204805346e-01
1.502500834e+00	3.825709846e-01
1.513007833e+00	3.477921761e-01
1.523514832e+00	3.163000319e-01
1.534021831e+00	2.882322109e-01
1.544528830e+00	2.637028892e-01
1.555035829e+00	2.427974877e-01
1.565542827e+00	2.255676330e-01
1.576049826e+00	2.120266291e-01
1.586556825e+00	2.021456977e-01
1.597063824e+00	1.958512096e-01
1.607570823e+00	1.930230916e-01
1.618077822e+00	1.934945420e-01
1.628584820e+00	1.970531343e-01
1.639091819e+00	2.034433341e-01
1.649598818e+00	2.123703915e-01
1.660105817e+00	2.235055216e-01
1.670612816e+00	2.364922281e-01
1.681119815e+00	2.509535818e-01
1.691626813e+00	2.665002261e-01
1.702133812e+00	2.827388518e-01
1.712640811e+00	2.992808651e-01
1.723147810e+00	3.157509617e-01
1.733654809e+00	3.317953244e-01
1.744161808e+00	3.470891738e-01
1.754668807e+00	3.613434241e-01
1.765175805e+00	3.743102292e-01
1.775682804e+00	3.857872447e-01
1.786189803e+00	3.956204772e-01
1.796696802e+00	4.037056431e-01
1.807203801e+00	4.099880135e-01
1.817710800e+00	4.144607741e-01
1.828217798e+00	4.171619814e-01
1.838724797e+00	4.181702462e-01
1.849231796e+00	4.175993163e-01
1.859738795e+00	4.155917686e-01
1.870245794e+00	4.123120478e-01
1.880752793e+00	4.079391077e-01
1.891259791e+00	4.026589218e-01
1.901766790e+00	3.966571281e-01
1.912273789e+00	3.901120631e-01
1.922780788e+00	3.831884218e-01
1.933287787e+00	3.760317526e-01
1.943794786e+00	3.687639594e-01
1.954301785e+00	3.614799491e-01
1.964808783e+00	3.542455102e-01
1.975315782e+00	3.470964700e-01
1.985822781e+00	3.400391265e-01
1.996329780e+00	3.330519063e-01
2.006836779e+00	3.260881598e-01
2.017343778e+00	3.190799630e-01
2.027850776e+00	3.119427678e-01
2.038357775e+00	3.045807139e-01
2.048864774e+00	2.968923998e-01
2.059371773e+00	2.887768994e-01
2.069878772e+00	2.801398123e-01
2.080385771e+00	2.708991388e-01
2.090892769e+00	2.609907873e-01
2.101399768e+00	2.503735426e-01
2.111906767e+00	2.390333475e-01
2.122413766e+00	2.269867831e-01
2.132920765e+00	2.142836658e-01
2.143427764e+00	2.010087111e-01
2.153934762e+00	1.872822535e-01
2.164441761e+00	1.732600394e-01
2.174948760e+00	1.591321438e-01
2.185455759e+00	1.451210845e-01
2.195962758e+00	1.314792286e-01
2.206469757e+00	1.184856036e-01
2.216976756e+00	1.064422273e-01
2.227483754e+00	9.567008160e-02
2.237990753e+00	8.650484395e-02
2.248497752e+00	7.929248452e-02
2.259004751e+00	7.438482247e-02
2.269511750e+00	7.213511556e-02
2.280018749e+00	7.289373753e-02
2.290525747e+00	7.700397499e-02
2.301032746e+00	8.479795410e-02
2.311539745e+00	9.659268658e-02
2.322046744e+00	1.126862070e-01
2.332553743e+00	1.333537598e-01
2.343060742e+00	1.588439859e-01
2.353567740e+00	1.893750564e-01
2.364074739e+00	2.251307031e-01
2.374581738e+00	2.662561094e-01
2.385088737e+00	3.128536353e-01
2.395595736e+00	3.649783801e-01
2.406102735e+00	4.226336077e-01
2.416609734e+00	4.857660932e-01
2.427116732e+00	5.542614828e-01
2.437623731e+00	6.279397928e-01
2.448130730e+00	7.065512077e-01
2.458637729e+00	7.897723660e-01
2.469144728e+00	8.772033502e-01
2.479651727e+00	9.683656140e-01
2.490158725e+00	1.062701093e+00
2.500665724e+00	1.159572746e+00
2.511172723e+00	1.258266759e+00
2.521679722e+00	1.357996632e+00
2.532186721e+00	1.457909336e+00
2.542693720e+00	1.557093667e+00
2.553200718e+00	1.654590887e+00
2.563707717e+00	1.749407682e+00
2.574214716e+00	1.840531362e+00
2.584721715e+00	1.926947188e+00
2.595228714e+00	2.007657599e+00
2.605735713e+00	2.081703054e+00
2.616242712e+00	2.148184089e+00
2.626749710e+00	2.206284144e+00
2.637256709e+00	2.255292641e+00
2.647763708e+00	2.294627705e+00
2.658270707e+00	2.323857930e+00
2.668777706e+00	2.342722509e+00
2.679284705e+00	2.351149086e+00
2.689791703e+00	2.349268659e+00
2.700298702e+00	2.337426925e+00
2.710805701e+00	2.316191496e+00
2.721312700e+00	2.286354479e+00
2.731819699e+00	2.248930040e+00
2.742326698e+00	2.205146636e+00
2.752833696e+00	2.156433775e+00
2.763340695e+00	2.104403251e+00
2.773847694e+00	2.050825009e+00
2.784354693e+00	1.997597877e+00
2.794861692e+00	1.946715627e+00
2.805368691e+00	1.900228914e+00
2.815875690e+00	1.860203821e+00
2.826382688e+00	1.828677858e+00
2.836889687e+00	1.807614341e+00
2.847396686e+00	1.798856223e+00
2.857903685e+00	1.804080444e+00
2.868410684e+00	1.824753960e+00
2.878917683e+00	1.862092571e+00
2.889424681e+00	1.917023678e+00
2.899931680e+00	1.990154010e+00
2.910438679e+00	2.081743298e+00
2.920945678e+00	2.191684739e+00
2.931452677e+00	2.319492965e+00
2.941959676e+00	2.464300043e+00
2.952466674e+00	2.624859873e+00
2.962973673e+00	2.799561117e+00
2.973480672e+00	2.986448619e+00
2.983987671e+00	3.183253022e+00
2.994494670e+00	3.387428102e+00
3.005001669e+00	3.596195141e+00
3.015508667e+00	3.806593428e+00
3.026015666e+00	4.015535869e+00
3.036522665e+00	4.219868476e+00
3.047029664e+00	4.416432445e+00
3.057536663e+00	4.602127396e+00
3.068043662e+00	4.773974350e+00
3.078550661e+00	4.929176946e+00
3.089057659e+00	5.065179492e+00
3.099564658e+00	5.179720447e+00
3.110071657e+00	5.270880067e+00
3.120578656e+00	5.337121073e+00
3.131085655e+00	5.377321346e+00
3.141592654e+00	5.390797873e+00
